75.0811
1.3213
1.3213
0.1512
1.1438
1.1438
0.46
0.46
0.2573
0.4919
0.4166
0.3837
0.3837
0.174
1.4716
1.4716
0.19
0.19
1.5706
0.2332
0.2332
0.2862
0.31
0.31
0.4364
0.385
0.385
1.7017
0.2387
0.2387
0.8513
1.1784
1.1784
0.7757
0.7757
17.9106
19.1798
19.1798
14.4066
14.4066
5.0987
1.4526
1.4526
0.3897
0.6025
0.6025
0.7585
0.7585
13.7305
10.6232
10.0812
10.0812
14.2814
10.4221
10.4221
11.7909
8.8334
8.8334
1.3043
2.2883
4.1379
4.1379
1.7207
1.7207
1.1866
1.1849
1.1849
1.8973
2.9409
2.9409
2.164
2.164
2.1166
1.2563
1.5476
1.5476
1.8141
1.9522
1.8112
1.8112
0.9829
1.9034
2.467
2.467
2.7715
2.7715
4.2604
4.2604
7.7492
4.2176
4.2176
32.644
32.644
3.2978
2.7958
2.7958
3.9161
1.3131
1.3131
21.9423
6.6735
1.9212
2.9189
1.8824
1.8824
2.0349
2.5974
3.1893
9.4109
9.8327
9.8327
4.2557
1.3383
3.2082
3.2082
2.5444
1.2175
1.2175
2.0349
2.0584
3.248
3.248
3.5086
1.1514
1.5385
1.4841
1.3581
1.8103
1.8103
1.2137
2.2771
2.2771
1.8034
1.8034
3.8134
2.4598
2.4598
3.1644
1.6536
1.6536
2.9071
4.4913
4.4913
4.0295
4.0295
1.8133
2.1809
2.1809
3.7157
3.1671
4.8395
4.8395
5.1089
1.6247
0.9546
0.809
0.809
0.6398
0.6398
1.6663
3.7218
4.4947
4.4947
3.919
5.43
7.0167
1.2911
1.2219
0.9567
0.5723
0.7188
0.8643
0.8643
0.6111
0.6111
2.4644
1.7255
1.2769
1.0874
1.0874
2.2236
2.3557
2.3557
1.9567
1.9567
4.6412
1.3189
1.3189
3.0096
1.2742
1.2742
1.7116
1.7116
2.3262
2.3942
4.9623
4.9623
4.3535
4.3535
3.2948
1.5056
1.2486
1.2486
1.1889
1.7205
2.9221
2.4772
2.4772
3.8111
3.8111
1.7936
1.0137
1.3204
1.3204
1.9946
2.9417
3.9703
2.3447
2.799
2.799
1.9917
1.9917
2.5836
2.0657
2.0657
3.2657
3.2657
2.0593
1.2131
1.2131
2.7608
1.147
0.9303
1.6541
1.6541
2.4847
4.7542
4.7542
5.6877
1.5291
1.5047
1.5619
1.6674
3.2795
3.2795
1.4661
3.6471
3.6471
1.6452
2.5901
2.5901
2.7259
3.601
3.601
6.0242
6.0242
2.9001
4.2263
4.2263
3.0391
3.1274
3.1274
2.5351
9.3588
5.6756
2.9588
2.9588
1.7904
1.7904
1.3567
2.0711
4.1483
5.1098
4.2829
4.2829
3.3819
3.3819
2.4977
1.9028
1.9028
3.9286
2.4761
2.4761
2.098
3.6916
3.1492
3.1492
6.1465
6.1465
2.458
1.5404
1.4177
2.6303
2.6303
2.6423
2.8568
2.8568
1.8371
1.3879
1.3879
1.1816
1.1816
2.0058
2.0058
3.5192
3.5192
2.5473
2.5473
1.903
1.5846
1.4669
1.0951
2.4179
2.4179
1.7438
1.7541
1.6577
1.4444
2.1405
2.1405
5.5126
5.5126
3.4149
1.7867
1.7867
2.2598
2.2598
2.2829
2.1769
2.4898
2.2621
2.2621
2.2017
2.5111
2.1434
2.1434
3.5305
4.3495
4.3495
2.5901
2.5901
2.6104
2.0028
3.3913
3.3913
1.7914
2.1543
2.1543
3.8035
3.8035
2.1925
2.1925
2.677
2.2765
1.9467
1.9467
1.4196
2.0126
3.8561
2.2703
2.2703
1.9608
1.9608
1.713
3.538
2.1421
2.1421
4.9376
4.9376
4.404
3.2594
1.6195
1.6195
1.9704
2.9866
1.5172
1.6066
1.8778
3.9907
3.9473
3.2015
3.2015
1.2265
5.7448
5.7448
6.1068
1.2821
1.2821
2.1642
4.0391
4.0391
2.8256
2.1792
2.8098
2.8074
1.4433
3.0218
5.6189
5.6189
5.4537
5.4537
1.2069
1.57
1.5254
1.5254
1.0949
1.0949
1.1316
1.6555
1.4661
1.3373
2.0916
2.0916
3.9255
2.4979
1.277
1.277
0.943
0.943
1.219
1.219
3.4315
3.4315
1.1099
1.3676
1.3676
2.9276
1.4642
1.4642
0.9029
0.9029
1.2151
1.6154
1.6154
3.1394
3.1394
2.0341
2.3637
2.3637
1.482
1.482
2.4662
4.5039
4.3271
4.3271
2.2334
1.792
2.3491
2.9695
2.9331
1.7682
1.7682
1.5814
1.8558
1.8558
1.347
1.8748
1.8748
1.5365
2.1928
2.1928
1.8414
2.0731
2.0731
1.7192
1.801
1.801
1.6438
1.6438
1.8541
1.8863
1.8863
1.6697
2.0297
2.2201
1.7454
1.7454
1.9809
1.9809
1.6779
1.5149
1.5149
1.5164
2.7591
2.8393
2.8393
1.3383
1.3383
0.6653
0.6653
1.2471
1.2471
1.4559
1.4559
3.31
1.2477
1.2477
1.3616
2.6606
2.6606
1.9254
